0.9983545768708648 2.6996344830681012e-09 -0.05734229479466733 1.0442863702774048 -1.7294349641346744e-09 0.9999999999999999 1.696906540731551e-08 -3.820163030354706e-08 0.05734229479466737 -1.684197434242058e-08 0.9983545768708647 -82.03697967529297
0.9984671385207938 2.6640337209361984e-09 -0.05534775378614241 1.0866793394088745 -1.7087228199936502e-09 0.9999999999999999 1.7307483028127273e-08 -4.144268928030215e-08 0.05534775378614245 -1.7186379106088505e-08 0.9984671385207937 -81.99079132080078
0.9985611005999288 2.6161176732034588e-09 -0.05362582216897047 1.125754475593567 -1.673885270827309e-09 0.9999999999999999 1.7615414719772198e-08 -4.455911195577755e-08 0.053625822168970515 -1.7500304453620576e-08 0.9985611005999286 -81.94937133789062
0.9986554183267233 2.541651327290806e-09 -0.051839710814348884 1.1693063974380493 -1.6130611911341613e-09 0.9999999999999999 1.7954557866422797e-08 -4.817773913146084e-08 0.051839710814348926 -1.7846795878127502e-08 0.9986554183267232 -81.90442657470703
0.9987422047846619 2.3870830043517014e-09 -0.05013988934321921 1.2134342193603516 -1.5297693830121492e-09 0.9999999999999999 1.7136810842721155e-08 -5.1999400341173896e-08 0.05013988934321924 -1.7038553781196985e-08 0.9987422047846617 -81.8601303100586
0.9988145311855169 2.156621515332548e-09 -0.04867784467396151 1.2540334463119507 -1.4645417520393962e-09 0.9999999999999999 1.425321961493007e-08 -5.5643191387844126e-08 0.04867784467396154 -1.4165032141668393e-08 0.9988145311855169 -81.82040405273438
0.9988877576167301 1.9200178105754353e-09 -0.04715132953937639 1.2992064952850342 -1.3990615390575044e-09 0.9999999999999999 1.1081605069785213e-08 -5.9807561569869e-08 0.0471513295393764 -1.1003312034102841e-08 0.99888775761673 -81.7773208618164
0.9989548539228497 1.665104657706792e-09 -0.045707768827559996 1.3449006080627441 -1.304903296593804e-09 1.0 7.910367053317793e-09 -6.410068209561359e-08 0.04570776882756001 -7.842455355981324e-09 0.9989548539228497 -81.73487091064453
0.9990112088423377 1.4764099305033615e-09 -0.04445902379417466 1.3868786096572876 -1.2541226727575496e-09 1.0 5.027715981232874e-09 -6.80849936429695e-08 0.04445902379417466 -4.966987556193397e-09 0.9990112088423377 -81.69682312011719
0.9990684088277372 1.3244022392026535e-09 -0.04315454399130214 1.4335213899612427 -1.2454250441304732e-09 1.0 1.8569870624423355e-09 -7.252414491176751e-08 0.04315454399130214 -1.8015113653320656e-09 0.9990684088277372 -81.65557098388672
0.9991166999701168 1.2772794006492059e-09 -0.04202165978318573 1.476335883140564 -1.321539928993254e-09 1.0 -1.02550002934403e-09 -7.658171341518027e-08 0.04202165978318573 1.080127504873988e-09 0.9991166999701168 -81.61861419677734
0.9991859038237673 1.3136258194351975e-09 -0.04034265215957578 1.5456281900405884 -1.5423233018031259e-09 1.0 -5.637752313168002e-09 -8.304820653393108e-08 0.04034265215957577 5.695384053637581e-09 0.9991859038237673 -81.56055450439453
0.9992253926410795 1.3807021848962448e-09 -0.03935244272045924 1.5894131660461426 -1.7173450837496685e-09 1.0 -8.520757993660357e-09 -8.703170806256821e-08 0.03935244272045923 8.581739474012758e-09 0.9992253926410795 -81.52494812011719
0.9992655212097192 1.4148226189006017e-09 -0.03831994625295288 1.6379868984222412 -1.864240276674003e-09 0.9999999999999999 -1.169230401911379e-08 -9.132362777108938e-08 0.03831994625295287 1.175515385018866e-08 0.9992655212097191 -81.48637390136719
0.9992990137738786 1.3801643869201396e-09 -0.03743635895041565 1.6825083494186401 -1.9271732396820876e-09 0.9999999999999999 -1.4575613320905615e-08 -9.511426668495915e-08 0.037436358950415624 1.4637542370267808e-08 0.9992990137738785 -81.45185089111328
0.9993335150501824 1.4090174631214198e-09 -0.036503780123609456 1.7318707704544067 -2.0582348216294856e-09 0.9999999999999999 -1.77473594041898e-08 -9.912864129546506e-08 0.03650378012360943 1.7810664394992995e-08 0.9993335150501823 -81.41447448730469
0.9993651342488693 1.5254728565752337e-09 -0.03562763820150885 1.7816308736801147 -2.2722208211102213e-09 0.9999999999999998 -2.091930699793007e-08 -1.029454281820108e-07 0.035627638201508806 2.0986979899389646e-08 0.9993651342488691 -81.37771606445312
0.9993917830653531 1.6375374265705361e-09 -0.034872108860131174 1.8272035121917725 -2.4691045844904403e-09 0.9999999999999997 -2.380313258038446e-08 -1.0621355528428467e-07 0.03487210886013112 2.3874757993853938e-08 0.9993917830653528 -81.34485626220703
0.9994166906311212 1.7490740412628941e-09 -0.034150821263248005 1.8730884790420532 -2.62519434328202e-09 0.9999999999999997 -2.5609606096681958e-08 -1.092622525789011e-07 0.03415082126324795 2.568432030958557e-08 0.9994166906311208 -81.31250762939453
0.9994419163911057 1.888044382530241e-09 -0.033404427130401294 1.923915147781372 -2.7923961783800267e-09 0.9999999999999997 -2.7026160180810417e-08 -1.1234022423423085e-07 0.033404427130401225 2.7104355719062018e-08 0.9994419163911054 -81.27753448486328
0.9994633951710151 2.1017660685154986e-09 -0.03275548534230802 1.9704350233078003 -3.0308348528823376e-09 0.9999999999999996 -2.8314113086642985e-08 -1.148745170098664e-07 0.032755485342307954 2.839819605506467e-08 0.9994633951710147 -81.24629211425781
0.9994853464997167 2.353141640467158e-09 -0.0320786880127089 2.021944284439087 -3.3085800809602877e-09 0.9999999999999996 -2.9731133438154847e-08 -1.1735723859374048e-07 0.032078688012708814 2.982196710630263e-08 0.9994853464997162 -81.2125244140625
0.9995143687156294 2.5858000145403362e-09 -0.031161301834604905 2.097482681274414 -3.5060693372981717e-09 0.9999999999999996 -2.94778013978447e-08 -1.2036940688631148e-07 0.031161301834604815 2.9572739740063323e-08 0.9995143687156289 -81.16455841064453
0.9995309185535582 2.716212362946667e-09 -0.030625855625354737 2.1450557708740234 -3.599029916730766e-09 0.9999999999999996 -2.877077111735413e-08 -1.2189086362468515e-07 0.030625855625354647 2.8867498634763585e-08 0.9995309185535579 -81.1352767944336
0.9995480264933636 2.7789254695943584e-09 -0.03006231564143551 2.1977005004882812 -3.6220968041783163e-09 0.9999999999999996 -2.7992997458349284e-08 -1.232527324646071e-07 0.03006231564143542 2.8089233973115538e-08 0.9995480264933632 -81.10367584228516
0.9995622555930367 2.8756502992126843e-09 -0.029585423979669057 2.245839834213257 -3.6845266004367357e-09 0.9999999999999997 -2.728585299850596e-08 -1.2421433837062068e-07 0.029585423979668967 2.7382917037489643e-08 0.9995622555930364 -81.07551574707031
0.9995772541516633 3.0126090594024898e-09 -0.029074267052193115 2.299095630645752 -3.784910037885949e-09 0.9999999999999997 -2.650800937446793e-08 -1.2497613965933851e-07 0.029074267052193025 2.66068467061953e-08 0.999577254151663 -81.045166015625
0.9995899753736806 3.1977750421643565e-09 -0.02863356628813656 2.3477797508239746 -3.938162340118687e-09 0.9999999999999997 -2.580092658655443e-08 -1.254069701417393e-07 0.02863356628813647 2.5903111205444244e-08 0.9995899753736802 -81.01814270019531
0.9996032518684035 3.437217949170297e-09 -0.028166271845975692 2.4016237258911133 -4.1436729564193795e-09 0.9999999999999997 -2.5023227443029315e-08 -1.2560109041714895e-07 0.028166271845975595 2.5130011341128326e-08 0.9996032518684032 -80.9890365600586
0.9996144993180697 3.750793445891334e-09 -0.027764236773331112 2.4508345127105713 -4.427624481094892e-09 0.9999999999999997 -2.431632707655866e-08 -1.2553030614981253e-07 0.027764236773331015 2.4429882716992915e-08 0.9996144993180694 -80.96315002441406
0.9996262240937974 4.156168754611381e-09 -0.02733884005463055 2.505248546600342 -4.80149068467195e-09 0.9999999999999997 -2.353893980187418e-08 -1.2518837877451006e-07 0.027338840054630446 2.366140868744801e-08 0.9996262240937972 -80.93531036376953
0.9996372141055236 4.626916498711827e-09 -0.02693399777561839 2.559953451156616 -5.241884011163847e-09 0.9999999999999998 -2.2761785589222214e-08 -1.2457830678158643e-07 0.02693399777561828 2.289471281562989e-08 0.9996372141055234 -80.90814208984375
0.9996468644658711 5.082738788352658e-09 -0.026573414954428946 2.609934091567993 -5.670832691362014e-09 0.9999999999999998 -2.2055552405563417e-08 -1.2379848612908972e-07 0.026573414954428828 2.2198457192727373e-08 0.9996468644658709 -80.88401794433594
0.9996569650732327 5.566925905252083e-09 -0.02619068858720492 2.6651813983917236 -6.126337952987056e-09 0.9999999999999998 -2.1278955239524642e-08 -1.2270112392798183e-07 0.026190688587204795 2.1432108826835874e-08 0.9996569650732324 -80.85811614990234
0.999665716549266 5.9940156026175855e-09 -0.025854501489900938 2.7156472206115723 -6.528106916501992e-09 0.9999999999999998 -2.05731736456135e-08 -1.2149278916240291e-07 0.025854501489900806 2.073507730203637e-08 0.9996657165492657 -80.83515930175781
0.999678923976518 6.726126487616273e-09 -0.025338686117054657 2.7968616485595703 -7.221138244841827e-09 0.9999999999999998 -1.944430995855183e-08 -1.1915884812196964e-07 0.025338686117054518 1.9621040996540986e-08 0.9996789239765178 -80.7995834350586
0.9996877152753785 7.298483358182889e-09 -0.02498943612172451 2.8530256748199463 -7.767427305746392e-09 0.9999999999999998 -1.86686201732078e-08 -1.1728029392088501e-07 0.02498943612172437 1.885689387974285e-08 0.9996877152753783 -80.77596282958984
0.9996961595469837 7.886978545088528e-09 -0.02464931275789269 2.9094531536102295 -8.330565516644352e-09 0.9999999999999998 -1.7893230401850834e-08 -1.151887545347563e-07 0.024649312757892543 1.8093136418822917e-08 0.9996961595469835 -80.75302124023438
0.9997047889077864 8.416172323132908e-09 -0.024296813018687878 2.960984468460083 -8.83641964836952e-09 0.9999999999999998 -1.7189035388094152e-08 -1.1310383030149751e-07 0.024296813018687725 1.7398657798881373e-08 0.9997047889077862 -80.73310852050781
0.999721701190147 8.924107303982763e-09 -0.023590681559054826 3.0180282592773438 -9.314004861363856e-09 0.9999999999999998 -1.6417734301020484e-08 -1.105408742319014e-07 0.023590681559054673 1.663288895422006e-08 0.9997217011901469 -80.7166519165039
0.9997325938341697 9.374958536716411e-09 -0.023124463267144423 3.070225954055786 -9.74097389822139e-09 0.9999999999999998 -1.5715415499876284e-08 -1.0796107119404041e-07 0.02312446326714427 1.5936467903975152e-08 0.9997325938341696 -80.70753479003906
0.9997453802561107 9.842062536123493e-09 -0.02256490009845865 3.127955436706543 -1.0181859622216058e-08 0.9999999999999999 -1.4943767625544035e-08 -1.0489642221500617e-07 0.022564900098458497 1.5169715265877807e-08 0.9997453802561107 -80.70166015625
0.999756529650254 1.0301495905295883e-08 -0.022065389967903047 3.1806745529174805 -1.0618349971301556e-08 0.9999999999999999 -1.4242613494761414e-08 -1.0193979704808953e-07 0.022065389967902894 1.4473443867558675e-08 0.9997565296502539 -80.69837188720703
0.9997679460466096 1.075115256343843e-08 -0.021541914403534996 3.233593702316284 -1.1045439227621486e-08 0.9999999999999999 -1.354213616126341e-08 -9.88415109759444e-08 0.02154191440353485 1.3776933552098917e-08 0.9997679460466096 -80.69612121582031
0.9997806214273832 1.1282625286197863e-08 -0.02094538199554837 3.2920186519622803 -1.155268175223232e-08 0.9999999999999999 -1.2772364838769982e-08 -9.528555011684148e-08 0.020945381995548223 1.3011538183253278e-08 0.9997806214273832 -80.69432830810547
0.9997919852603625 1.180653194554965e-08 -0.020395740582929884 3.3453149795532227 -1.2055281521495173e-08 0.9999999999999999 -1.2073202908006432e-08 -9.19290741308032e-08 0.020395740582929738 1.2316567883916098e-08 0.9997919852603625 -80.69303131103516
0.9998097828331377 1.2616185097662258e-08 -0.019503798200410996 3.4309310913085938 -1.2832305413125854e-08 0.9999999999999999 -1.095578330751943e-08 -8.633367798438485e-08 0.019503798200410857 1.120397802919058e-08 0.9998097828331377 -80.69129180908203
0.9998216286160012 1.3216352878057407e-08 -0.01888679322891125 3.4900245666503906 -1.3411171580289259e-08 0.9999999999999999 -1.018841760964392e-08 -8.233891435338592e-08 0.01888679322891111 1.043989430727746e-08 0.9998216286160012 -80.69023132324219
0.9998330207966364 1.3837133708981355e-08 -0.01827376643298668 3.5492990016937256 -1.4011643544655235e-08 0.9999999999999999 -9.421713419253307e-09 -7.823360448355743e-08 0.01827376643298655 9.676185679119043e-09 0.9998330207966364 -80.68922424316406
0.9998429757328892 1.4394199278089225e-08 -0.01772071953470806 3.6033360958099365 -1.4551101805816117e-08 0.9999999999999999 -8.725247467053136e-09 -7.441265381658013e-08 0.017720719534707934 8.981733366516614e-09 0.9998429757328893 -80.6883773803711
0.999853420208585 1.5009298644005348e-08 -0.017121276983689766 3.6629364490509033 -1.5147798918320613e-08 0.9999999999999999 -7.959682366949394e-09 -7.011956171254496e-08 0.01712127698368964 8.217865274367757e-09 0.999853420208585 -80.68745422363281
0.9998624873317203 1.5539661193869252e-08 -0.016583318497573944 3.7172586917877197 -1.5662279265724537e-08 0.9999999999999999 -7.2641866860707695e-09 -6.61415953118194e-08 0.016583318497573826 7.522920309785734e-09 0.9998624873317205 -80.6866455078125
0.9998711041774367 1.6027343935573988e-08 -0.01605537450723077 3.7717087268829346 -1.6134891998550674e-08 0.9999999999999999 -6.5690371108620074e-09 -6.209842240423313e-08 0.016055374507230658 6.8272421034848705e-09 0.9998711041774369 -80.68588256835938
0.9998799213085461 1.6666894267706416e-08 -0.015496547445829673 3.8317453861236572 -1.6758858257733953e-08 0.9999999999999999 -5.804622980876145e-09 -5.758296595104184e-08 0.015496547445829572 6.063630391277814e-09 0.9998799213085463 -80.68504333496094
0.9998875170894925 1.724767585216863e-08 -0.014998438688383731 3.886448860168457 -1.7326268589653058e-08 0.9999999999999999 -5.110120328464232e-09 -5.3422890999854644e-08 0.014998438688383641 5.369412510759516e-09 0.9998875170894927 -80.68428039550781
0.9998954360697041 1.7841726310168166e-08 -0.014460876232138249 3.946754217147827 -1.7906454285005253e-08 0.9999999999999998 -4.346597609658802e-09 -4.879372994537334e-08 0.014460876232138169 4.6050861136712316e-09 0.9998954360697042 -80.68350982666016
0.9999021155202544 1.831606276228011e-08 -0.013991404191201408 4.001691818237305 -1.836896611920284e-08 0.9999999999999998 -3.6526229303600582e-09 -4.454381041796296e-08 0.013991404191201338 3.9092730076102285e-09 0.9999021155202545 -80.68282318115234
0.999911960581987 1.8995849917534955e-08 -0.013269178223046267 4.089807510375977 -1.9031262481358677e-08 0.9999999999999998 -2.5425134183648146e-09 -3.7677260422697145e-08 0.013269178223046215 2.7948187825729767e-09 0.9999119605819872 -80.68172454833984
0.999918123688517 1.9539166520055807e-08 -0.012796324760965835 4.150534152984619 -1.9563538467004645e-08 0.9999999999999998 -1.7794295017021576e-09 -3.292012706879177e-08 0.012796324760965797 2.029625187818861e-09 0.9999181236885172 -80.68099212646484
0.999923424317531 2.009208145027588e-08 -0.01237519714896136 4.205837726593018 -2.010706035677797e-08 0.9999999999999998 -1.0859782515762426e-09 -2.857767533726019e-08 0.012375197148961336 1.3347239225729604e-09 0.9999234243175312 -80.68038177490234
0.9999287290569077 2.0768484792293287e-08 -0.011938878612278608 4.266776084899902 -2.0773823648768727e-08 0.9999999999999998 -3.2316997203128665e-10 -2.378895658239344e-08 0.011938878612278598 5.71163070627051e-10 0.9999287290569079 -80.6797103881836
0.9999335995467734 2.1374086950101165e-08 -0.011523735922527919 4.327819347381592 -2.137044066951157e-08 0.9999999999999998 4.395525335728256e-10 -1.8995542916400154e-08 0.011523735922527926 -1.9325601775781431e-10 0.9999335995467736 -80.67903900146484
0.9999378017073806 2.1928396616758838e-08 -0.011153148867866659 4.383399486541748 -2.19171270022346e-08 0.9999999999999998 1.132668785787791e-09 -1.4640668233312226e-08 0.01115314886786668 -8.88153381178422e-10 0.9999378017073808 -80.67842864990234
0.9999420252079486 2.2516912944558955e-08 -0.010767833539646589 4.4446282386779785 -2.2497810501808916e-08 0.9999999999999998 1.895158502845611e-09 -9.860896987845535e-09 0.01076783353964663 -1.6527959866132426e-09 0.999942025207949 -80.67781829833984
0.999945584032783 2.308239384034465e-08 -0.010432112750170724 4.500370502471924 -2.3056647214269417e-08 0.9999999999999998 2.5882845798638674e-09 -5.531912705691866e-09 0.01043211275017078 -2.3476141993219915e-09 0.9999455840327832 -80.67728424072266
0.9999492375400842 2.3705544320291335e-08 -0.010075829592111635 4.561769485473633 -2.3672985893263888e-08 0.9999999999999997 3.3506050677626403e-09 -7.954514269492563e-10 0.010075829592111712 -3.111910008578491e-09 0.9999492375400846 -80.67669677734375
0.9999523174574203 2.4247029572922638e-08 -0.009765388445498189 4.617660045623779 -2.420869664122355e-08 0.9999999999999997 4.043593771084567e-09 3.480679078293747e-09 0.009765388445498282 -3.806993635686455e-09 0.9999523174574206 -80.67616271972656
0.9999554902390817 2.4775712835410703e-08 -0.00943491112959821 4.679215908050537 -2.473147132314955e-08 0.9999999999999997 4.805801257183409e-09 8.14417422390079e-09 0.009434911129598324 -4.5722481372493e-09 0.999955490239082 -80.67557525634766
0.9999581977301342 2.5204000366840862e-08 -0.009143456436898222 4.73524284362793 -2.5154775074215373e-08 0.9999999999999997 5.498666901158799e-09 1.2340493071860692e-08 0.009143456436898357 -5.268435463451357e-09 0.9999581977301345 -80.6750717163086
0.9999620547775896 2.5882719083319713e-08 -0.008711429640326424 4.825011253356934 -2.582613699833978e-08 0.9999999999999997 6.607648447085529e-09 1.8953302927116056e-08 0.00871142964032659 -6.3824151472028214e-09 0.9999620547775899 -80.6743392944336
0.9999645349865639 2.6396433578013168e-08 -0.008421922313839219 4.886812210083008 -2.6335298520989584e-08 0.9999999999999997 7.369937872231971e-09 2.341608862366229e-08 0.00842192231383941 -7.147882678929066e-09 0.9999645349865642 -80.67383575439453
0.9999665488592222 2.6852142798176696e-08 -0.008179313235675672 4.943051815032959 -2.678708718600836e-08 0.9999999999999996 8.063228691284e-09 2.7406192870671475e-08 0.008179313235675884 -7.84385899829199e-09 0.9999665488592225 -80.67337799072266
0.9999686996808071 2.7353677342313375e-08 -0.007911994741594422 5.00497579574585 -2.7284703282913372e-08 0.9999999999999996 8.825597581139337e-09 3.171410511981776e-08 0.007911994741594661 -8.609444915524351e-09 0.9999686996808075 -80.6728744506836
0.9999704183238777 2.778787462065532e-08 -0.007691715332095375 5.061321258544922 -2.7715476494777822e-08 0.9999999999999996 9.519073736254062e-09 3.554994520982291e-08 0.007691715332095637 -9.305612617961469e-09 0.999970418323878 -80.67241668701172
0.9999722228437001 2.8260832768421633e-08 -0.007453425010098125 5.123356342315674 -2.8184981109924493e-08 0.9999999999999996 1.0281791471226536e-08 3.967333839227649e-08 0.007453425010098413 -1.0071431241878837e-08 0.9999722228437005 -80.67196655273438
0.9999737326252224 2.8650066063615794e-08 -0.007248038401338208 5.179800987243652 -2.8571267022241845e-08 0.9999999999999996 1.0975319221515871e-08 4.332794034667131e-08 0.007248038401338519 -1.0767945292434886e-08 0.9999737326252228 -80.67158508300781
0.9999752874942855 2.909683138500423e-08 -0.007030249253206164 5.241939544677734 -2.901502555570944e-08 0.9999999999999996 1.1738256591835644e-08 4.723714397414369e-08 0.007030249253206502 -1.1533983664236652e-08 0.9999752874942859 -80.6711654663086
0.9999767279292927 2.958567055326252e-08 -0.006822286835281949 5.304129123687744 -2.950106975065604e-08 0.9999999999999994 1.2501284645147692e-08 5.102230460352075e-08 0.006822286835282315 -1.2299728945220434e-08 0.999976727929293 -80.67074584960938
0.9999779486921855 3.003079467643041e-08 -0.006640943603505782 5.360706329345703 -2.9943827670847925e-08 0.9999999999999994 1.3195009091592478e-08 5.434888450395192e-08 0.006640943603506174 -1.2995862865186169e-08 0.9999779486921858 -80.67036437988281
0.9999792075299387 3.054987801814315e-08 -0.006448605185355904 5.422985553741455 -3.046050076716829e-08 0.9999999999999994 1.3958150588709372e-08 5.787465795492608e-08 0.006448605185356327 -1.3761432626013966e-08 0.9999792075299391 -80.6699447631836
0.9999803066407883 3.1058130939640205e-08 -0.006275853201897049 5.479640960693359 -3.0966788198664895e-08 0.9999999999999994 1.4651806636576718e-08 6.095193327837478e-08 0.0062758532018975 -1.4457175090340747e-08 0.9999803066407887 -80.66956329345703
0.9999818727870847 3.178512890196522e-08 -0.006021137547729567 5.570362091064453 -3.169079806062973e-08 0.9999999999999993 1.576202283672403e-08 6.560640031239018e-08 0.006021137547730065 -1.5570922461770797e-08 0.9999818727870851 -80.6689682006836
0.9999827331622292 3.233533144005973e-08 -0.0058765107960642845 5.627105712890625 -3.223918317104814e-08 0.9999999999999993 1.6456183942494137e-08 6.833766263980579e-08 0.005876510796064814 -1.6266445897831526e-08 0.9999827331622296 -80.66866302490234
0.9999836402125851 3.2961804379154676e-08 -0.005720079509646421 5.689559459686279 -3.2863844205960586e-08 0.9999999999999993 1.7219660277511507e-08 7.117538558532033e-08 0.005720079509646985 -1.7031394779550397e-08 0.9999836402125856 -80.66832733154297
0.9999844158359633 3.344838192730459e-08 -0.0055828385756362476 5.746366500854492 -3.3348892117222665e-08 0.9999999999999993 1.791374184642794e-08 7.359698628306433e-08 0.005582838575636843 -1.7727281202479504e-08 0.9999844158359638 -80.66802215576172
0.9999852330185418 3.403232940725159e-08 -0.005434495802820311 5.808887481689453 -3.393132948830461e-08 0.9999999999999992 1.867716623371922e-08 7.607926022501488e-08 0.005434495802820943 -1.8492490759283634e-08 0.9999852330185421 -80.66768646240234
0.9999859877148998 3.463494271761752e-08 -0.005293805161976304 5.87144136428833 -3.453251138957535e-08 0.9999999999999992 1.944068614212278e-08 7.836350590650909e-08 0.005293805161976974 -1.9257605341657326e-08 0.9999859877149002 -80.66735076904297
0.999986621805743 3.512119311092342e-08 -0.005172640514740849 5.928335189819336 -3.501751098806189e-08 0.9999999999999992 2.0134899190692516e-08 8.02614010808611e-08 0.0051726405147415515 -1.9953496828466193e-08 0.9999866218057435 -80.66704559326172
0.999987249021424 3.5580359339754686e-08 -0.00504993029924288 5.990948677062988 -3.5475274277819514e-08 0.9999999999999991 2.0898785958664364e-08 8.21449717136602e-08 0.005049930299243619 -2.071937182654244e-08 0.9999872490214244 -80.66670989990234
0.99998783326048 3.600654691991148e-08 -0.004932882635874409 6.053590774536133 -3.59001238266595e-08 0.9999999999999991 2.166276576792354e-08 8.380683880204742e-08 0.0049328826358751845 -2.1485411105902027e-08 0.9999878332604805 -80.66637420654297
0.999988332493257 3.6443214854676956e-08 -0.004830618715970803 6.110560894012451 -3.633563891384982e-08 0.9999999999999991 2.2357360968271567e-08 8.511837279456813e-08 0.004830618715971613 -2.218157649490051e-08 0.9999883324932575 -80.66606903076172
0.9999888030206432 3.693381784767165e-08 -0.004732212298982845 6.167552947998047 -3.6825143184547505e-08 0.999999999999999 2.305200741819178e-08 8.623382541372848e-08 0.0047322122989836915 -2.2877484909093598e-08 0.9999888030206436 -80.66576385498047
0.9999893237689553 3.7465407774896795e-08 -0.004620860043807795 6.230268478393555 -3.735575664217992e-08 0.999999999999999 2.3815901689072292e-08 8.722702204977395e-08 0.004620860043808683 -2.3643031697183596e-08 0.9999893237689558 -80.66547393798828
0.9999897172810113 3.801691161759546e-08 -0.004534901603980271 6.287303924560547 -3.790614725307816e-08 0.999999999999999 2.4510817253881713e-08 8.791075600811382e-08 0.0045349016039811976 -2.4338664570702414e-08 0.9999897172810117 -80.66524505615234
0.9999903547409232 3.881463113414758e-08 -0.0043920867668749185 6.378599166870117 -3.870246908559848e-08 0.9999999999999989 2.5622296632515958e-08 8.855484878722564e-08 0.004392086766875909 -2.5452064905747947e-08 0.9999903547409237 -80.66487884521484
0.9999907301295795 3.936003534062543e-08 -0.004305769924794072 6.441391468048096 -3.924678372764695e-08 0.9999999999999989 2.6386784698631604e-08 8.866526712836276e-08 0.004305769924795106 -2.621755247313047e-08 0.99999073012958 -80.66462707519531
0.9999910607653649 3.993008554384524e-08 -0.0042282845707605375 6.498493671417236 -3.9815932234732426e-08 0.9999999999999989 2.7081724959160424e-08 8.852269672843249e-08 0.004228284570761615 -2.691312978725475e-08 0.9999910607653654 -80.66439819335938
0.9999913993467376 4.05481459846743e-08 -0.004147436883565329 6.561324119567871 -4.043300322899131e-08 0.9999999999999988 2.784623616446126e-08 8.809107754359502e-08 0.0041474368835664535 -2.7678303341211386e-08 0.9999913993467381 -80.66414642333984
0.9999917523166045 4.115909232671452e-08 -0.004061440622700998 6.624174118041992 -4.104323123329781e-08 0.9999999999999988 2.8610442447134844e-08 8.73636949449974e-08 0.004061440622702171 -2.8443511842452904e-08 0.999991752316605 -80.66389465332031
0.9999920081741623 4.165616270337895e-08 -0.003997948073145382 6.681325435638428 -4.153933201710417e-08 0.9999999999999987 2.9305700445014532e-08 8.643890936355092e-08 0.0039979480731465985 -2.9139394156875687e-08 0.9999920081741627 -80.66366577148438
0.999992272743061 4.213910007312326e-08 -0.00393121545096368 6.738491535186768 -4.202148533086787e-08 0.9999999999999987 3.000076192618301e-08 8.525682204663099e-08 0.003931215450964939 -2.983533459827725e-08 0.9999922727430615 -80.66343688964844
0.9999925596900073 4.2564362330589845e-08 -0.0038575335374461672 6.801389694213867 -4.244600010444091e-08 0.9999999999999987 3.0765264725662055e-08 8.365203285620737e-08 0.0038575335374474717 -3.060129895766727e-08 0.9999925596900077 -80.6631851196289
0.9999927757921258 4.297206126601139e-08 -0.003801100376875609 6.858583450317383 -4.285278570678288e-08 0.9999999999999986 3.1460663775508514e-08 8.190968969756796e-08 0.003801100376876955 -3.129754876307748e-08 0.9999927757921262 -80.66295623779297
0.9999930361844047 4.3455916210391895e-08 -0.0037319677169017455 6.921510696411133 -4.3335954448103064e-08 0.9999999999999986 3.222523826225793e-08 7.967376802753279e-08 0.0037319677169031402 -3.206328547268285e-08 0.9999930361844052 -80.66270446777344
0.9999932360729756 4.390215734744379e-08 -0.0036780169782990595 6.984452724456787 -4.378111417487231e-08 0.9999999999999984 3.299041600063418e-08 7.709539318057068e-08 0.003678016978300502 -3.2829165181715975e-08 0.9999932360729761 -80.6624526977539
0.999993446040532 4.4251011236018283e-08 -0.0036204801814624862 7.041684150695801 -4.412934234172898e-08 0.9999999999999984 3.368562102117624e-08 7.444737804007673e-08 0.003620480181463971 -3.352563084694467e-08 0.9999934460405323 -80.66222381591797
0.9999937379127499 4.480579051853242e-08 -0.003538945560515511 7.133277416229248 -4.468292090669334e-08 0.9999999999999984 3.479833808282921e-08 6.95925521654317e-08 0.0035389455605170646 -3.463998975303088e-08 0.9999937379127503 -80.66185760498047
0.9999938918508908 4.5156880838394866e-08 -0.0034951769352962385 7.1905364990234375 -4.503309792344972e-08 0.9999999999999983 3.549405230674686e-08 6.616246395196868e-08 0.0034951769352978353 -3.533643687023494e-08 0.9999938918508912 -80.66162872314453
0.9999940762438151 4.555594902400185e-08 -0.003442016423460685 7.253532409667969 -4.543141381857079e-08 0.9999999999999983 3.625907387119452e-08 6.202896685181258e-08 0.003442016423462331 -3.6102483405903125e-08 0.9999940762438155 -80.66143035888672
0.9999942074148859 4.587645003671714e-08 -0.003403694622141006 7.310811519622803 -4.5750931577393824e-08 0.9999999999999982 3.695498388647521e-08 5.793696900013856e-08 0.0034036946221426955 -3.679904762731787e-08 0.9999942074148862 -80.6612777709961
0.9999943512401186 4.612516610258009e-08 -0.003361173721351259 7.373828411102295 -4.5998640974748514e-08 0.9999999999999982 3.772044650676774e-08 5.30604964410486e-08 0.003361173721352993 -3.756562402254401e-08 0.9999943512401189 -80.6611099243164
0.9999944884594284 4.635507021318991e-08 -0.00332009802833949 7.436855316162109 -4.622754789048567e-08 0.9999999999999982 3.848594481223872e-08 4.7782965140186207e-08 0.003320098028341268 -3.833225270693159e-08 0.9999944884594287 -80.66094207763672
0.9999946321940357 4.6663737434180194e-08 -0.003276520070296445 7.494161605834961 -4.6535608052077566e-08 0.9999999999999981 3.918156498878251e-08 4.263031172513365e-08 0.0032765200702982674 -3.902887982533784e-08 0.9999946321940361 -80.6607894897461
0.9999947483315169 4.690014140119799e-08 -0.0032408809632367397 7.557206630706787 -4.678075247648282e-08 0.9999999999999982 3.6914222849088054e-08 3.656738201129883e-08 0.003240880963238465 -3.676241813817098e-08 0.9999947483315174 -80.6606216430664
0.9999948564898458 4.7066966390607354e-08 -0.003207334493599998 7.614528656005859 -4.6956819249702606e-08 0.9999999999999983 3.441757369909246e-08 3.071145826538668e-08 0.0032073344936016123 -3.426679045617112e-08 0.9999948564898462 -80.66046905517578
0.9999949680464045 4.7236246223183605e-08 -0.0031723622105448057 7.677590847015381 -4.7136010454844294e-08 0.9999999999999983 3.167133799660178e-08 2.3918429903346805e-08 0.0031723622105462967 -3.152164613145949e-08 0.9999949680464051 -80.6603012084961
0.9999950679482164 4.739621668764373e-08 -0.0031407133023081727 7.734927654266357 -4.7304820452748985e-08 0.9999999999999984 2.917475852744481e-08 1.744731470409988e-08 0.003140713302309551 -2.902604376933677e-08 0.999995067948217 -80.66014862060547
0.9999951929785403 4.761267497278969e-08 -0.003100648318570804 7.798004627227783 -4.753095871009117e-08 0.9999999999999986 2.6428262155838545e-08 1.0031054209491685e-08 0.0031006483185720573 -2.6280758330261426e-08 0.9999951929785411 -80.65998077392578
0.9999952671497312 4.788788604751376e-08 -0.0030766341946115005 7.8553547859191895 -4.78144822495677e-08 0.9999999999999986 2.3932027914313073e-08 3.0419819996296837e-09 0.003076634194612642 -2.3784806973907126e-08 0.999995267149732 -80.65982818603516
0.9999953616259165 4.818670860128346e-08 -0.003045772012636524 7.9184465408325195 -4.812240426047796e-08 0.9999999999999987 2.1185943575726422e-08 -4.890554183845097e-09 0.0030457720126375407 -2.1039275443268606e-08 0.9999953616259175 -80.65966033935547
0.9999955030664761 4.862684742507471e-08 -0.0029989742704133603 8.01022720336914 -4.85755090145038e-08 0.9999999999999987 1.7191494794368108e-08 -1.68274070233565e-08 0.002998974270414192 -1.704574078124594e-08 0.9999955030664771 -80.65941619873047
0.9999955726741635 4.888982445041181e-08 -0.002975673481840767 8.067599296569824 -4.8851775191941296e-08 0.9999999999999988 1.2859456527690552e-08 -2.449223757139407e-08 0.0029756734818413913 -1.271403267258074e-08 0.9999955726741646 -80.65926361083984
0.9999956446358391 4.913941313178549e-08 -0.002951391134405162 8.13071060180664 -4.9124029852114135e-08 0.9999999999999988 5.284705581548762e-09 -3.305577322976205e-08 0.002951391134405418 -5.139698343167741e-09 0.9999956446358402 -80.65909576416016
0.9999957093202301 4.9467885612280767e-08 -0.002929392620302853 8.188093185424805 -4.947278913733489e-08 0.9999999999999988 -1.6014422662431824e-09 -4.089720562205912e-08 0.002929392620302771 1.7463606184337166e-09 0.9999957093202313 -80.65894317626953
0.9999957700297076 4.992097637048099e-08 -0.00290859475307719 8.245475769042969 -4.9945874477776255e-08 0.9999999999999987 -8.487548808799539e-09 -4.872952175105638e-08 0.0029085947530767624 8.632785202321135e-09 0.9999957700297089 -80.6587905883789
0.9999958350138914 5.042471566847022e-08 -0.00288616619990061 8.30860710144043 -5.047128423544581e-08 0.9999999999999986 -1.6062261897599546e-08 -5.7261981822875896e-08 0.0028861661998997963 1.6207863504983396e-08 0.9999958350138926 -80.65862274169922
0.9999959151969948 5.07949100451341e-08 -0.0028582493683529434 8.37173843383789 -5.085788815979144e-08 0.9999999999999984 -2.196112483952057e-08 -6.562910925822507e-08 0.0028582493683518236 2.2106399657058493e-08 0.9999959151969958 -80.65845489501953
0.9999959653741909 5.1024998874747886e-08 -0.0028406399389554527 8.429139137268066 -5.10935454106825e-08 0.9999999999999984 -2.4058097271275014e-08 -7.303766835775605e-08 0.00284063993895422 2.4203138572912025e-08 0.9999959653741919 -80.6583023071289
0.9999960171156612 5.128823242427978e-08 -0.0028223666454614393 8.492280960083008 -5.136284790420583e-08 0.9999999999999983 -2.6364722683364433e-08 -8.094197312402684e-08 0.0028223666454600827 2.65095824522822e-08 0.9999960171156622 -80.65813446044922
0.9999960641614205 5.152778897323901e-08 -0.0028056482570378433 8.549687385559082 -5.16078455117909e-08 0.9999999999999982 -2.8461665873992887e-08 -8.7884750143985e-08 0.0028056482570363722 2.8606347306516358e-08 0.9999960641614215 -80.6579818725586
0.9999961344801578 5.190035198012633e-08 -0.0027804720707189047 8.641545295715332 -5.198901841475127e-08 0.9999999999999981 -3.181670955360884e-08 -9.846446857864066e-08 0.002780472070717248 3.196114057550274e-08 0.9999961344801586 -80.6577377319336
0.9999961840274701 5.2163723091861005e-08 -0.0027625948852869663 8.704700469970703 -5.225819147016726e-08 0.999999999999998 -3.4123339272661e-08 -1.053266061035174e-07 0.0027625948852851813 3.426757727131344e-08 0.9999961840274709 -80.6575698852539
0.9999962423536648 5.2419862617103536e-08 -0.0027414007976687776 8.762121200561523 -5.251935498492842e-08 0.999999999999998 -3.622053948100845e-08 -1.1125004562018148e-07 0.0027414007976668737 3.636437998278273e-08 0.9999962423536655 -80.65741729736328
0.9999962713514948 5.26692402189677e-08 -0.0027308027524762845 8.825284004211426 -5.277464616480475e-08 0.9999999999999979 -3.852683086196896e-08 -1.173966666101478e-07 0.0027308027524742496 3.867080434699775e-08 0.9999962713514955 -80.6572494506836
0.9999963212721574 5.302876771708157e-08 -0.002712460603599113 8.882705688476562 -5.313915396166449e-08 0.9999999999999978 -4.062391380217995e-08 -1.2262880488833616e-07 0.0027124606035969522 4.0767902212110914e-08 0.9999963212721581 -80.65709686279297
0.9999963597507996 5.34387674200212e-08 -0.0026982374579561414 8.945878982543945 -5.355393731812629e-08 0.9999999999999977 -4.261113186036605e-08 -1.2797008253073727e-07 0.0026982374579538576 4.27554779803031e-08 0.9999963597508 -80.65692901611328
0.9999963854271032 5.369500994019669e-08 -0.0026887046814359395 9.00330924987793 -5.380371446023248e-08 0.9999999999999978 -4.0357740074076664e-08 -1.3243460728062928e-07 0.0026887046814337667 4.05022564942639e-08 0.9999963854271039 -80.65677642822266
0.9999964392098027 5.394690579769452e-08 -0.002668626548831639 9.066482543945312 -5.4046895916668846e-08 0.9999999999999979 -3.7396640825105374e-08 -1.3693106382106635e-07 0.0026686265488296153 3.7540738645954295e-08 0.9999964392098035 -80.65660858154297
0.9999964576966647 5.429971823607646e-08 -0.0026616900644975345 9.129660606384277 -5.439156581496538e-08 0.9999999999999979 -3.4434852925348266e-08 -1.4102381840075395e-07 0.0026616900644956592 3.457950443943323e-08 0.9999964576966656 -80.65644073486328
0.9999964845447002 5.4571137100018855e-08 -0.0026515842174920173 9.187100410461426 -5.465549719621186e-08 0.999999999999998 -3.1742519876091105e-08 -1.444207526901664e-07 0.00265158421749028 3.1887331927586974e-08 0.9999964845447012 -80.65628814697266
0.9999965092472167 5.486987770653577e-08 -0.00264225167459005 9.250284194946289 -5.4946115770071125e-08 0.9999999999999981 -2.878085641439639e-08 -1.4783056201395084e-07 0.0026422516745884654 2.8925937402856434e-08 0.9999965092472178 -80.65612030029297
0.9999965565771022 5.510635044949039e-08 -0.002624277862390382 9.307723999023438 -5.5176995016146136e-08 0.9999999999999981 -2.684722287462727e-08 -1.5065907632560993e-07 0.002624277862388898 2.6991930187181422e-08 0.9999965565771033 -80.65596771240234
0.999996588496639 5.524597822512635e-08 -0.002612086394400747 9.399630546569824 -5.5316716883966555e-08 0.9999999999999981 -2.700904090719571e-08 -1.5468525305095682e-07 0.00261208639439925 2.7153440804000262e-08 0.9999965884966402 -80.65572357177734
0.9999966248973806 5.522582475571742e-08 -0.0025981135406430173 9.457079887390137 -5.529644761086949e-08 0.9999999999999981 -2.711052622615843e-08 -1.5689049348566186e-07 0.002598113540641515 2.7254101171963963e-08 0.9999966248973818 -80.65557098388672
0.9999966372603016 5.507497243137987e-08 -0.002593350760970811 9.52027416229248 -5.514575295520843e-08 0.9999999999999981 -2.7221571782337116e-08 -1.5903854944099294e-07 0.002593350760969307 2.7364492521889726e-08 0.9999966372603027 -80.65540313720703
0.9999966524043292 5.491627923645381e-08 -0.00258750462121771 9.577723503112793 -5.4987160661672035e-08 0.9999999999999981 -2.732259884782686e-08 -1.6073792608040094e-07 0.0025875046212162044 2.7464786914440715e-08 0.9999966524043303 -80.6552505493164
0.99999668857484 5.4765434143413094e-08 -0.002573487762505049 9.640917778015137 -5.483621719038558e-08 0.9999999999999981 -2.7434154160914213e-08 -1.6232735333687742e-07 0.0025734877625035414 2.7575183650511367e-08 0.9999966885748413 -80.65508270263672
0.9999966904063023 5.4637267762121736e-08 -0.0025727759998213414 9.69836711883545 -5.470828997255561e-08 0.9999999999999981 -2.7534906740221217e-08 -1.6351692977423227e-07 0.002572775999819832 2.7675567788287957e-08 0.9999966904063036 -80.6549301147461
0.9999967071899217 5.4535732534730086e-08 -0.002566244174394862 9.761564254760742 -5.460685883684586e-08 0.9999999999999981 -2.7646040546945484e-08 -1.6454343665373017e-07 0.0025662441743933492 2.778608405031099e-08 0.9999967071899228 -80.6547622680664
0.9999967185720187 5.443338962292765e-08 -0.002561805029047273 9.819023132324219 -5.4504650876568376e-08 0.9999999999999981 -2.774699781509044e-08 -1.6521930490398518e-07 0.002561805029045758 2.788653705797462e-08 0.9999967185720198 -80.65460968017578
0.9999967528089346 5.428959924065155e-08 -0.002548405788583267 9.882227897644043 -5.4360770537545755e-08 0.9999999999999981 -2.7858507723444563e-08 -1.656785855175258e-07 0.00254840578858175 2.7996950553629403e-08 0.9999967528089357 -80.6544418334961
0.9999967537582212 5.419665105161338e-08 -0.00254803325984208 9.93968677520752 -5.4268068264437825e-08 0.9999999999999981 -2.795923111324604e-08 -1.65836851806489e-07 0.0025480332598405604 2.8097417183564104e-08 0.9999967537582222 -80.65435791015625
0.9999967974362494 5.4005892892739883e-08 -0.002530833375030958 10.002891540527344 -5.407710895058426e-08 0.9999999999999981 -2.8070941701868273e-08 -1.6572461447594833e-07 0.0025308333750294373 2.8207711947993148e-08 0.9999967974362505 -80.6542739868164
0.9999968046758776 5.35772873605929e-08 -0.0025279711901463144 10.094825744628906 -5.36488290290811e-08 0.9999999999999981 -2.823222305649441e-08 -1.650234793260097e-07 0.0025279711901447974 2.8367755533063964e-08 0.9999968046758786 -80.6541519165039
0.9999968171488447 5.319082360707922e-08 -0.002523032390360009 10.152284622192383 -5.326247868029615e-08 0.9999999999999982 -2.833318745203595e-08 -1.6426017168669205e-07 0.0025230323903584974 2.846748022501804e-08 0.9999968171488457 -80.6540756225586
0.9999968255718497 5.2711236951108247e-08 -0.0025196917388734 10.215489387512207 -5.278307497060537e-08 0.9999999999999982 -2.8444140608923156e-08 -1.631304229476882e-07 0.002519691738871896 2.857704738801507e-08 0.9999968255718507 -80.65399169921875
0.999996859673359 5.22472884881234e-08 -0.0025061212153232996 10.27294921875 -5.2318991390937125e-08 0.9999999999999982 -2.8545548842467828e-08 -1.6183869888664049e-07 0.0025061212153218034 2.8676576931730832e-08 0.99999685967336 -80.65391540527344
0.9999968769899414 5.171839311985613e-08 -0.0024992019596166504 10.336164474487305 -5.179017366233252e-08 0.9999999999999982 -2.8656668507137333e-08 -1.6012555192901345e-07 0.0024992019596151637 2.878601311405482e-08 0.9999968769899423 -80.6538314819336
0.9999968970886096 5.12943641780924e-08 -0.002491146956910305 10.393632888793945 -5.13661634006517e-08 0.9999999999999982 -2.8757772732664307e-08 -1.583015176720437e-07 0.0024911469569088253 2.88856441612655e-08 0.9999968970886105 -80.65375518798828
